1	1	0.25
4	1	0.16667
5	1	0.33333
6	1	0.25
10	1	0.25
11	1	0.25
17	1	0.2
20	1	0.25
24	1	0.33333
25	1	0.2
29	1	0.2
30	1	0.33333
31	1	0.25
36	1	0.33333
37	1	0.16667
41	1	0.33333
42	1	0.33333
43	1	0.2
47	1	0.33333
50	1	0.33333
51	1	0.33333
53	1	0.5
54	1	0.33333
56	1	0.2
68	1	0.33333
70	1	0.25
73	1	0.2
74	1	0.5
75	1	0.33333
80	1	0.33333
81	1	0.2
84	1	0.5
85	1	0.5
89	1	0.33333
91	1	0.33333
94	1	0.25
95	1	0.33333
99	1	0.2
102	1	0.25
103	1	0.33333
108	1	0.33333
111	1	0.5
115	1	0.25
1	2	0.25
2	2	1
20	2	0.25
25	2	0.2
26	2	1
28	2	0.25
31	2	0.25
34	2	1
37	2	0.16667
38	2	1
45	2	0.33333
46	2	0.5
54	2	0.33333
56	2	0.2
58	2	0.33333
63	2	0.33333
71	2	0.33333
80	2	0.33333
81	2	0.2
89	2	0.33333
90	2	0.5
96	2	0.5
102	2	0.25
103	2	0.33333
104	2	1
106	2	1
107	2	0.25
110	2	0.5
4	3	0.16667
6	3	0.25
7	3	0.25
18	3	0.5
28	3	0.25
37	3	0.16667
43	3	0.2
45	3	0.33333
53	3	0.5
58	3	0.33333
59	3	1
60	3	0.25
64	3	1
65	3	0.5
66	3	0.33333
67	3	0.5
76	3	0.5
89	3	0.33333
92	3	0.5
93	3	0.25
97	3	0.33333
98	3	0.33333
99	3	0.2
102	3	0.25
110	3	0.5
113	3	1
115	3	0.25
20	4	0.25
21	4	0.33333
25	4	0.2
30	4	0.33333
31	4	0.25
36	4	0.33333
43	4	0.2
45	4	0.33333
49	4	1
50	4	0.33333
54	4	0.33333
57	4	0.33333
58	4	0.33333
60	4	0.25
66	4	0.33333
67	4	0.5
70	4	0.25
76	4	0.5
77	4	0.5
81	4	0.2
87	4	1
88	4	0.33333
92	4	0.5
93	4	0.25
94	4	0.25
97	4	0.33333
98	4	0.33333
99	4	0.2
107	4	0.25
108	4	0.33333
4	5	0.16667
6	5	0.25
8	5	0.33333
11	5	0.25
17	5	0.2
30	5	0.33333
31	5	0.25
40	5	0.5
41	5	0.33333
73	5	0.2
75	5	0.33333
78	5	0.5
81	5	0.2
82	5	1
83	5	1
84	5	0.5
85	5	0.5
94	5	0.25
95	5	0.33333
99	5	0.2
101	5	0.25
108	5	0.33333
1	6	0.25
4	6	0.16667
5	6	0.33333
6	6	0.25
10	6	0.25
11	6	0.25
12	6	1
17	6	0.2
24	6	0.33333
25	6	0.2
29	6	0.2
42	6	0.33333
51	6	0.33333
68	6	0.33333
70	6	0.25
73	6	0.2
88	6	0.33333
91	6	0.33333
94	6	0.25
98	6	0.33333
105	6	1
115	6	0.25
5	7	0.33333
8	7	0.33333
9	7	1
10	7	0.25
21	7	0.33333
22	7	1
23	7	1
24	7	0.33333
29	7	0.2
33	7	0.25
41	7	0.33333
42	7	0.33333
47	7	0.33333
48	7	0.25
51	7	0.33333
52	7	1
68	7	0.33333
69	7	0.5
74	7	0.5
78	7	0.5
79	7	1
91	7	0.33333
99	7	0.2
102	7	0.25
109	7	1
112	7	0.5
13	8	0.25
15	8	0.25
19	8	1
20	8	0.25
27	8	0.5
32	8	0.5
35	8	1
36	8	0.33333
37	8	0.16667
39	8	0.33333
43	8	0.2
48	8	0.25
55	8	0.5
56	8	0.2
62	8	0.5
63	8	0.33333
72	8	0.5
73	8	0.2
86	8	0.5
90	8	0.5
93	8	0.25
95	8	0.33333
100	8	1
101	8	0.25
1	9	0.25
13	9	0.25
17	9	0.2
18	9	0.5
21	9	0.33333
25	9	0.2
28	9	0.25
29	9	0.2
37	9	0.16667
57	9	0.33333
60	9	0.25
63	9	0.33333
66	9	0.33333
70	9	0.25
71	9	0.33333
77	9	0.5
88	9	0.33333
96	9	0.5
97	9	0.33333
114	9	1
3	10	0.5
7	10	0.25
13	10	0.25
14	10	0.5
15	10	0.25
16	10	1
33	10	0.25
39	10	0.33333
40	10	0.5
46	10	0.5
48	10	0.25
50	10	0.33333
55	10	0.5
61	10	0.5
69	10	0.5
93	10	0.25
101	10	0.25
103	10	0.33333
107	10	0.25
111	10	0.5
115	10	0.25
4	11	0.16667
7	11	0.25
13	11	0.25
15	11	0.25
17	11	0.2
27	11	0.5
28	11	0.25
29	11	0.2
32	11	0.5
33	11	0.25
37	11	0.16667
39	11	0.33333
43	11	0.2
44	11	1
56	11	0.2
62	11	0.5
71	11	0.33333
80	11	0.33333
81	11	0.2
86	11	0.5
3	12	0.5
4	12	0.16667
7	12	0.25
8	12	0.33333
10	12	0.25
11	12	0.25
14	12	0.5
15	12	0.25
33	12	0.25
47	12	0.33333
48	12	0.25
56	12	0.2
57	12	0.33333
60	12	0.25
61	12	0.5
65	12	0.5
72	12	0.5
73	12	0.2
75	12	0.33333
101	12	0.25
107	12	0.25
112	12	0.5

